Deleted: 2024-09-10 08:31:25.589067 C:\Users\admin\Documents\GitHub\Portfolio\logs\FileDelete\aapl#2024-09-08#.png
Deleted: 2024-09-10 08:31:38.832995 C:\Users\admin\Documents\GitHub\Portfolio\logs\FileDelete\ko#2024-09-08#.png
